3.000000000000000000e+00
6.852566213878946044e+00
7.911436253643443273e+00
5.408768370508577839e+00
1.159377236576610404e+00
-1.755282581475767323e+00
-1.221639627510077375e+00
2.373333832178480929e+00
6.422735529643443186e+00
7.990133642141358017e+00
5.938926261462366796e+00
1.756550564175726192e+00
-1.524135262330094776e+00
-1.524135262330096552e+00
1.756550564175730633e+00
5.938926261462363243e+00
7.990133642141358017e+00
6.422735529643443186e+00
2.373333832178485370e+00
-1.221639627510077375e+00
-1.755282581475769099e+00
1.159377236576600190e+00
5.408768370508576062e+00
7.911436253643442384e+00
6.852566213878955814e+00
3.000000000000004441e+00
-8.525662138789500410e-01
-1.911436253643443273e+00
5.912316294914319315e-01
4.840622763423374941e+00
7.755282581475766435e+00
7.221639627510081816e+00
3.626666167821523068e+00
-4.227355296434498477e-01
-1.990133642141358017e+00
6.107373853764386240e-02
4.243449435824261151e+00
7.524135262330096552e+00
7.524135262330094776e+00
4.243449435824290461e+00
6.107373853763986560e-02
-1.990133642141358017e+00
-4.227355296434591736e-01
3.626666167821510189e+00
7.221639627510075599e+00
7.755282581475764658e+00
4.840622763423404251e+00
5.912316294914274906e-01
-1.911436253643437944e+00
-8.525662138789584787e-01
2.999999999999991562e+00
6.852566213878947821e+00
7.911436253643440608e+00
5.408768370508587608e+00
1.159377236576612180e+00
-1.755282581475769987e+00
-1.221639627510064940e+00
2.373333832178508018e+00
6.422735529643420094e+00
7.990133642141358905e+00
5.938926261462373901e+00
1.756550564175725970e+00
-1.524135262330087670e+00
-1.524135262330103657e+00
1.756550564175722196e+00
5.938926261462371237e+00
7.990133642141358905e+00
6.422735529643449404e+00
2.373333832178476044e+00
-1.221639627510082704e+00
-1.755282581475760217e+00
1.159377236576575765e+00
5.408768370508552970e+00
7.911436253643440608e+00
6.852566213878949597e+00
2.999999999999995115e+00
-8.525662138789562583e-01
-1.911436253643438832e+00
5.912316294913932957e-01
4.840622763423366948e+00
7.755282581475763770e+00
7.221639627510077375e+00
3.626666167821514186e+00
-4.227355296434565091e-01
-1.990133642141360681e+00
6.107373853760833526e-02
4.243449435824253158e+00
7.524135262330092999e+00
7.524135262330098328e+00
4.243449435824264704e+00
6.107373853761810523e-02
-1.990133642141359793e+00
-4.227355296434653908e-01
3.626666167821501752e+00
7.221639627510070270e+00
7.755282581475767323e+00
4.840622763423445107e+00
5.912316294914661263e-01
-1.911436253643436167e+00
-8.525662138789638078e-01
2.999999999999982681e+00
6.852566213878941603e+00
7.911436253643442384e+00
5.408768370508563628e+00
1.159377236576587089e+00
-1.755282581475778869e+00
-1.221639627510088921e+00
2.373333832178464053e+00
6.422735529643440522e+00
7.990133642141357129e+00
5.938926261462352585e+00
1.756550564175699769e+00
-1.524135262330113427e+00
-1.524135262330077012e+00
1.756550564175782814e+00
5.938926261462421863e+00
7.990133642141353576e+00
6.422735529643481378e+00
2.373333832178520009e+00
-1.221639627510058723e+00
-1.755282581475774428e+00
1.159377236576601078e+00
5.408768370508576950e+00
7.911436253643431726e+00
6.852566213878978019e+00
3.000000000000039080e+00
-8.525662138789278366e-01
-1.911436253643446825e+00
5.912316294914168324e-01
4.840622763423391817e+00
7.755282581475771764e+00
7.221639627510062276e+00
3.626666167821487541e+00
-4.227355296434240906e-01
-1.990133642141358905e+00
6.107373853762965155e-02
4.243449435824278915e+00
7.524135262330104545e+00
7.524135262330086782e+00
4.243449435824238947e+00
6.107373853759678894e-02
-1.990133642141351800e+00
-4.227355296434973653e-01
3.626666167821458231e+00
7.221639627510047177e+00
7.755282581475780646e+00
4.840622763423419350e+00
5.912316294915047621e-01
-1.911436253643441496e+00
-8.525662138789917854e-01
